4294967278,33
4294967278,32
4294967278,31
4294967278,30
4294967278,29
4294967278,28
4294967278,27
4294967278,26
4294967278,25
4294967278,24
4294967278,23
4294967278,22
4294967278,21
4294967278,20
4294967278,19
4294967279,309
4294967278,307
4294967279,308
4294967279,194
4294967278,306
4294967279,307
4294967278,305
4294967279,192
4294967278,304
4294967279,306
4294967279,190
4294967279,189
4294967279,188
4294967279,305
4294967278,303
4294967279,304
4294967278,302
4294967279,303
4294967278,120
4294967278,119
4294967278,117
4294967278,116
4294967278,114
4294967278,113
4294967278,112
4294967278,18
4294967278,17
4294967278,16
4294967278,15
4294967278,14
4294967278,13
4294967278,12
4294967278,11
4294967278,10
4294967278,9
4294967278,8
4294967278,7
4294967278,6
4294967278,5
4294967278,4
4294967279,132
4294967279,131
4294967279,130
4294967279,129
4294967279,128
4294967279,127
4294967279,126
4294967279,125
4294967279,124
4294967279,123
4294967279,122
4294967279,121
4294967279,120
4294967279,119
4294967279,118
4294967279,117
4294967279,116
4294967279,115
4294967279,114
4294967279,113
4294967279,112
4294967279,111
4294967279,110
4294967279,109
4294967279,108
4294967279,107
4294967279,106
4294967279,105
4294967279,104
4294967279,103
4294967279,102
4294967279,302
4294967278,301
4294967279,182
4294967278,300
4294967278,0
4294967279,301
4294967294,965
4294967294,961
4294967294,914
4294967294,911
4294967294,910
4294967294,909
4294967294,907
4294967294,906
4294967294,904
4294967294,899
4294967294,898
4294967294,897
4294967294,896
4294967294,401
4294967279,180
4294967294,50
4294967294,180
4294967294,175
4294967294,183
4294967294,966
4294967294,964
4294967294,963
4294967294,962
4294967294,960
4294967294,913
4294967294,912
4294967294,908
4294967294,902
4294967294,436
4294967294,421
4294967294,185
4294967294,182
4294967294,176
4294967294,173
4294967294,170
4294967294,163
4294967294,162
4294967294,161
4294967294,104
4294967294,106
4294967294,166
4294967294,24
4294967294,189
4294967294,384
4294967294,190
4294967294,36
4294967294,30
4294967294,939
4294967294,938
4294967294,936
4294967294,935
4294967294,930
4294967294,919
4294967294,829
4294967294,827
4294967294,826
4294967294,825
4294967294,824
4294967294,60
4294967294,81
4294967294,68
4294967294,92
4294967294,88
4294967294,5
4294967294,18
4294967294,127
4294967294,14
4294967294,126
4294967294,20
4294967294,13
4294967294,12
4294967294,11
4294967294,39
4294967294,42
4294967294,99
4294967294,76
4294967294,41
4294967294,52
4294967294,469
4294967294,949
4294967294,53
4294967294,107
4294967278,132
4294967278,131
4294967278,130
4294967278,129
4294967278,128
4294967278,127
4294967278,126
4294967278,125
4294967278,124
4294967278,123
4294967278,122
4294967278,121
4294967278,118
4294967278,115
4294967279,101
4294967279,100
4294967279,99
4294967279,98
4294967279,97
4294967279,96
4294967279,95
4294967279,94
4294967279,93
4294967279,92
4294967279,91
4294967279,90
4294967279,89
4294967279,87
4294967279,86
4294967279,85
4294967279,84
4294967279,83
4294967279,82
4294967279,81
4294967279,80
4294967279,79
4294967279,78
4294967279,77
4294967279,76
4294967279,75
4294967279,74
4294967279,73
4294967279,72
4294967279,71
4294967279,70
4294967279,69
4294967279,68
4294967279,67
4294967279,66
4294967279,65
4294967279,64
4294967279,63
4294967279,62
4294967279,59
4294967279,58
4294967279,54
4294967279,53
4294967279,52
4294967279,51
4294967279,50
4294967279,49
4294967279,48
4294967279,47
4294967279,46
4294967279,156
4294967279,45
4294967279,44
4294967279,43
4294967279,42
4294967279,41
4294967279,40
4294967279,39
4294967294,969
4294967294,7
4294967279,38
4294967279,176
4294967294,6
4294967294,94
4294967294,89
4294967294,96
4294967279,37
4294967279,36
10,4
4294967279,175
10,3
10,2
10,1
4294967279,260
4294967279,61
4294967279,35
4294967279,34
4294967279,33
4294967279,32
4294967279,31
4294967279,30
4294967279,29
4294967279,28
4294967279,27
4294967279,26
4294967279,25
4294967279,24
4294967279,23
4294967279,22
4294967279,21
4294967279,20
